...88-

181 88111181 88811881188 8188 den 11888111 1188881. 1118888118·
88118811111188181888818181 118181188 11888118 ζῷον und 1188888,
ζῷον 818 11811888 unii eie'xevv 81888881188118811881188818 8188818188
888 1188881811881188811188 118 81818181811888881888 818 188 11888111
1188881818118188 88111188 888 81811881 81818188811818. 118 deni
18181818188 11811888 8188 8181118188188 8181, 8881888 88111818-
11818 8181818 8818888 8188181881811188, 88 11888 18888 88811818
8181818818 1881111818, 1818 8118 11888 eliense 818 118 11888118 18·
81888188 8811881188 881818888818 einander 1188· 881 8818888881-
88181818181181811181888, 818 88118888 8188 8118 nui 81818188 Sinin
881888 einander 8181888, 8881 daun 188118181818188 mii 8818888 liin·
nneie 88811

118881 118 8888818811881881181818888888 8888181888 888188
8818881811188 1881 1881181888 18811888181888 8881818881181 1188
188188881888818 888 8118818818881188811188 18 8888888 (181818 811181
888188818888888 11888, 18 88881 jene 11888118 8818 8811811888 Neine
881888 8881181881118181811 8811811888 8818188. 118181181818 iiber·
18881188 88888811Ιί818 11881188 18811181811811881181888, 18 88 881
18888 811888881888 1188811188 1888811. 1118 einzelnen 18888 8188 88· ,
1888888 818 8188811118 88818118818881 88811811881811818811888 188
18881118 1881 nn· 188 18111818811888, 118 1181888888811888
188111181818811888 88 188 818888118888, 181118 118181118818 118·
18188888 888 1181881888, 888881 (11888 188881888181888818818181
881118888888 8811818181. 1118 8881188818 81881188811188 niuis 88 weit
88111181 888188, 1818 8118 181818118188881888818181181, 88188188 888
81888 8818888818 1181181818881118888 181 8181888. 1118811888 1888188
81811888 88818 wie 8888181111818181818 1188881818181811888111 18 188
8188881188881, 1118 8888881118888 1811888111 118 1811118881 11181·
1818181 18188 811· 88818 181888811181818881 188818811888 118188·
8881888188 1818881188 888888 11181888.

118 88118181 8181 888 118 11888, 888 88181888 1118888 88 11888
818111 118 enee, nie 8188888188 haben, 88188188818888888 11888
eni 118 im 81888818118188 1181818 8811818888 811888181888 1188881118
811181, 88 81818 ee 8188888181 11888 geben, 818 81811 1888888881-
1181881181818 1888111888118188 ieeeen 1188 1888118888 181818·
18188 8881818111818ῑ) 1188888818 118188 118 11888818181811881118
Κ8188881818888181888 18881818188. 1188 1818188818 118 888 888

1) 1181881888 114. low 18 1108 eiu’ 1 818 2888188881 8811188
ei 81888ῑᾶ Iuniae, 8111 881818888818· 81 δ’ igionem, 8888181 88888188
eie 18888 iiiuc 8888881888888. 81888 minoem 8818818 888118 881
81ιᾷ 1189 dnn 11188 etun 8ὅ8 umen 1888818888.

 

