a
0

-28-

11111111 Κ111111
1111111111

1111111111 1111 111111 111 Solus 111 Philebus nufgostollt worden
11111, 111 111111111111,111 11111111 1111 111 111 11111111 (1111111111,
111111 111 1111111111 11111111 111111 ein 1111111 11111111, 1111111111 111 111-
111111 111 111 1111111111 111 11111111 1111111 11111111111111 11111-
nit 111 [11111111 1111 111 1111111111 111 1111111 111111 111 Verbin-
dung 1111 1111111111111 1111 111 61111111) 111 111111 1111111 11111111
81111111 111 1111111111 11111111111111111. 111111, 1111 11111,“
1111111 11 11, ,111111 111111 111111 11111111 111111111 worden? „Ur-
11111111111111111111111 11111111111111 11111111111111111111111, ·
111 11111111111111111 1111111 111 1111111111.’) 1111111111111111111111
11111 1111 111 1111111111111111 und 111 1111111111 111 1111 Numen
11111 1111111 11 11111 1111111 111111 1111 1111111111111111111111111111
11111111 111111, 11 111 11111 11111111 11 111111111111111111111111·
1111111111.”) 1111111 folet, 1111111111 111111111111111111111111111
111111111111 111 1111111111] 111111111111 1111111111 1111111111
1111111 monachum ’111111111111111111111111 11111 1111 dem 11111111·
11111111 81111111 1111 111111111ηά11, 111 ποιοῦν, 1111111111 11111 ·
111111, 111 1111111 1111111113 111 111111 111 11111111 111 1111111111
1111111111111, 11111111 111111 1111 11111111 111111111 111111111111111
mahen, 111 1111111 1111111111111111111111111 1111111111 1111 11
111 muge 1111111 1111 1111 111 1111111111 111 1111111111 111
aarum 111, 11 111111 11111 111 111 Ν1111111111111111 111111
1111 111 1111111111, 111 111 01111111 111111 11111111 11111 1111 111 111·
11111 1111111114) So 11111 111 1111111111 111 1111111111111111 111 111
1111111111 1111 1111111111111111 1111111 1111111 111111 1111111111111
monadem, 1111 1111111 11111111 11111111ὼῦ1111 Wolunnchauung

1) Ρ. 11 ὓ11ῆ11111111111111111111 1111 11111111 111 11111111 111, 1111
m pm 1111 111111 1111111111111111 111111.

Ι) Ρ. 11 82 01111111 τοῦ 1111111111 91111 111111 aaa, 11611111 τῆς
alda 1111191111, sb 111 111111 11111 «tvm 111θό1 iv 111 111

⁸) P. 11 Ax 111 111 16 11 1111111111 11 111111 1111611111 11111
div 11111111, 11111111 11 111 δή, &avim 1111111111.

1) Ρ. fl A, 'Ae' 111 11111111 111 1111111111 1111111 11111, 11 11
ἬηἭιξεταόῗοῗςέἴτῗῐὶψ τ’ 1111 11111 1111111111
1111111111 11111. maumas wo 1111111111111111 «ssva.
am'eubamdaaetmuuaemntutm 11111111. «

 

