- 1ἴ1ῖ -

111111 11111111 1111 1111111· 1111111111 1111 11111111 111111 1111111111111, 1

bis sie 1111111 11111 1111 1111111111111 11111 111111111111111 1111111 111111
11111 1111111 111111. 11111 11111111 1111 11111111, 1111111 111 1111111
1111111111 1111111111111111 1111311111, 1111 611111111111111
1111111111 1111 1111111 11 11111 1111111111, w 1111 11111 1111111111
111 111111 1111 (111111111 11111131 1111 (1111111111111111111111111, 11·
11111 1111111111 1111111111 1111 1111311111111111 stante vetbmertst)
11111 Rhymmus und Harmonia ‹lrlngen 111 11111111 11 1111 1111111
1111 81111 111 11111 11111111 111 1111111111 111 111 11111 11111111
111111111111111111111 1111 11111, 1111 111111 jemand 11111113 111111 ab
11111 11111, no 11111111 111 1111 81111 zu 11111 111111111111111,
wo 11111· 111111,11111113111111.““) narum winderholt 11111 gentle
11111 1111 1111111111 1111 1111111 11 1111· 11111111 1111111111111111. 11111
1111111111 1111111111111111 1111111,1111·1111 11111111111111 11111·
1111111. 1111111111 werden 1111 1111111111111111111111111111111111,
1111111111111111111111111 11111 1111 111111,1 1111111111 1111 1111111111·
111, 1111111 1111 111111111111 1111 1111 2111111111 3111111111, wie
’1111111111111111111111111.’) Diejeuigo 11111· 11111111 1111111111, ,1111
11111 1111 11111111 1111 1111 1111111111111 11 1111111111 1111111111·
1111111111 1111111111, 111111 111111111111111311111111 1111111111 1111

1111111 111111 3111111111 111111111111 1111111111 ist, 1111 11111. , ’

111111 1111111111, 11111 11111 11· 11111111 1111 111111 ’11111 entgegen·
geht oder 11 1111111 111111111111111111111 germ 11111 1111 11111 1111111
111111111111111111 11 111111 1111 (med und 1111111111 31111 das
8111111111 1111111111 11111 1111111 1111 1111111 1111 11111 11111111
111111111111, 1111111 311111111111, 11111111 111111111111 ’11111 111·
1111111111111111111111111111, 1111 111111111111 1111111111 111111
1111 1111111, 111 1111111 6111111111111111111111111 1111111111 11111111
111111111111111 111111111111, oder umgekelurt 11111 1111111 11111· 111·
1111111111 11111 1111111111 111111 11111111 (1111111 311111 1111 11111-
11111111111111111111111111, 1111 1111 111111 11111111111,111111111
1111 11111 11111111 (111111111111111 1111111111 111111 1111111111 11111 be-
1111111 und 1111 11111 was ihm 1111111111111111111111 111111 111111111
1111111111, 1111· 61111111111111, 1111111111111111131, 11111111 111 1111111111
dle ’1111 611111111111, 1111111111111111, 11111111111111111, ’111111-
1111111111111 111111111111, 111111 1111 1111111111111.“) 1111111ωῶ
111111 111111 1111 111111111111 111111111811111 1111 1111111 11111111

'Jffihmz
1111
»mma

1111111111.

 

